4 0.7379807692307693 0.31490384615384615 0.14903846153846154 0.09615384615384616
4 0.5005769230769231 0.4740625 0.0545913461538461 0.0563221153846154
4 0.17543269230769232 0.4705048076923077 0.09646634615384614 0.08764423076923072
4 0.25721153846153844 0.4795673076923077 0.07692307692307693 0.07932692307692307
4 0.36538461538461536 0.4831730769230769 0.0673076923076923 0.0625
4 0.43149038461538464 0.48677884615384615 0.055288461538461536 0.055288461538461536
4 0.6548557692307693 0.3958653846153846 0.054999999999999986 0.04310096153846155
7 0.736610576923077 0.41305288461538464 0.11548076923076914 0.07747596153846158
12 0.7922836538461537 0.7154807692307692 0.2920673076923077 0.5690144230769232
6 0.02372596153846154 0.4410096153846154 0.042764423076923075 0.026947115384615337
6 0.04350961538461539 0.3855769230769231 0.03769230769230769 0.022548076923076914
7 0.04420673076923077 0.4104567307692308 0.02536057692307692 0.017355769230769296
7 0.017379807692307694 0.4769711538461538 0.030048076923076924 0.024423076923076985
7 0.10725961538461538 0.4492307692307692 0.031225961538461525 0.022764423076923144
4 0.11355769230769232 0.4108653846153846 0.05072115384615387 0.04216346153846159
4 0.6371394230769231 0.4746875 0.018413461538461462 0.017427884615384616
4 0.5886057692307692 0.46723557692307693 0.019567307692307658 0.013004807692307753
4 0.5725721153846154 0.4788221153846154 0.022788461538461584 0.01694711538461541
4 0.5676201923076923 0.4925961538461538 0.020889423076923073 0.01564903846153844
4 0.5435817307692308 0.4828125 0.027259615384615323 0.031322115384615316
4 0.33206730769230763 0.4491346153846154 0.030528846153846125 0.024879807692307746
4 0.2910096153846154 0.4424519230769231 0.0333653846153846 0.03716346153846149
4 0.18615384615384614 0.41701923076923075 0.06564903846153847 0.039182692307692335
7 0.6639663461538461 0.42574519230769237 0.030504807692307824 0.027908653846153878
7 0.536298076923077 0.5002644230769231 0.013461538461538516 0.011826923076923115
7 0.4763701923076923 0.49512019230769233 0.020072115384615438 0.017187499999999946
7 0.4280288461538462 0.5147355769230769 0.022692307692307685 0.017740384615384606
7 0.3502403846153846 0.5212259615384616 0.029134615384615394 0.02341346153846156
7 0.23973557692307693 0.5317548076923078 0.03699519230769234 0.02151442307692305
7 0.1652403846153846 0.5308894230769231 0.05209134615384614 0.030576923076923144
12 0.6216105769230769 0.5032451923076923 0.038846153846153836 0.05122596153846155
12 0.5846394230769231 0.5139182692307692 0.025528846153846166 0.049543269230769266
12 0.5266105769230769 0.5413221153846154 0.03382211538461537 0.04377403846153841
12 0.5062019230769231 0.5352403846153846 0.04002403846153841 0.0734134615384616
12 0.45276442307692305 0.5403125 0.07425480769230766 0.08040865384615382
12 0.38432692307692307 0.5657211538461538 0.0742788461538461 0.14375000000000002
12 0.33641826923076923 0.5728846153846153 0.10283653846153842 0.14036057692307688
4 0.3147596153846154 0.4621634615384615 0.022956730769230795 0.02444711538461542
12 0.22649038461538462 0.5979086538461538 0.1359134615384615 0.17052884615384614
12 0.07935096153846154 0.45209134615384616 0.03290865384615384 0.03877403846153845
12 0.05473557692307692 0.43973557692307697 0.06834134615384616 0.04858173076923072
12 0.0776201923076923 0.624375 0.15382211538461538 0.31225961538461533
3 0.11216346153846153 0.8140624999999999 0.026057692307692316 0.022500000000000034
3 0.20747596153846154 0.7191105769230769 0.04353365384615388 0.03144230769230779
3 0.2952403846153846 0.6788221153846153 0.016322115384615365 0.017764423076923046
3 0.43211538461538457 0.6185817307692307 0.03293269230769228 0.033149038461538445
12 0.6719230769230768 0.46903846153846157 0.03074519230769222 0.05206730769230775
9 0.6534615384615384 0.4262740384615385 0.06254807692307687 0.11420673076923074
9 0.5882692307692308 0.515576923076923 0.02483173076923073 0.10600961538461544
9 0.6209134615384616 0.5195432692307692 0.05112980769230765 0.10355769230769227
9 0.5565625 0.5299278846153845 0.027644230769230768 0.08793269230769227
9 0.5691346153846154 0.5082451923076923 0.025528846153846166 0.07836538461538467
9 0.5247355769230769 0.5204086538461539 0.04716346153846155 0.10918269230769234
9 0.7175480769230769 0.6322115384615384 0.5600961538461539 0.7355769230769231
9 0.46468750000000003 0.564639423076923 0.1136057692307692 0.24463942307692305
9 0.4110576923076923 0.5583173076923077 0.10036057692307693 0.1951682692307693
9 0.3446394230769231 0.6105288461538462 0.10533653846153844 0.31718749999999996
9 0.22334134615384615 0.6675 0.14963942307692307 0.458389423076923
9 0.29064903846153844 0.4450721153846154 0.03581730769230767 0.04079326923076916
9 0.16651442307692307 0.5895192307692307 0.1034375 0.3870432692307692
9 0.11223557692307692 0.4259855769230769 0.05401442307692307 0.07954326923076917
9 0.05362980769230769 0.41975961538461537 0.06819711538461538 0.09112980769230762
9 0.020432692307692308 0.4675480769230769 0.040865384615384616 0.08413461538461539
9 0.11177884615384616 0.7115384615384616 0.22355769230769232 0.5769230769230769