4 0.29838942307692307 0.3955528846153846 0.08036057692307694 0.04995192307692301
4 0.14302884615384615 0.40865384615384615 0.07932692307692307 0.0625
9 0.03016826923076923 0.5488701923076923 0.05927884615384616 0.26343749999999994
9 0.059062500000000004 0.6292788461538461 0.10014423076923076 0.47802884615384617
9 0.21223557692307693 0.6113221153846153 0.0727644230769231 0.4137980769230769
7 0.049206730769230766 0.44826923076923075 0.02382211538461538 0.025480769230769286
6 0.04461538461538461 0.42247596153846156 0.03447115384615384 0.021995192307692254
6 0.07896634615384615 0.4026201923076923 0.04942307692307693 0.0306730769230769
6 0.1941826923076923 0.41507211538461536 0.03665865384615385 0.03543269230769233
6 0.3901201923076923 0.42235576923076923 0.05805288461538456 0.03872596153846157
6 0.45935096153846156 0.4235096153846154 0.02966346153846148 0.01555288461538468
6 0.5122596153846154 0.4032451923076923 0.0789182692307692 0.0542067307692308
6 0.7545432692307692 0.4253846153846154 0.06290865384615375 0.036298076923076975
6 0.8523557692307692 0.41483173076923074 0.09735576923076923 0.06610576923076923
6 0.9682932692307692 0.4037019230769231 0.0633894230769231 0.03536057692307688
7 0.9710576923076922 0.4564903846153846 0.04908653846153836 0.03062500000000002
7 0.8325240384615384 0.4675480769230769 0.07180288461538463 0.03574519230769232
7 0.7542788461538461 0.4623317307692308 0.04822115384615371 0.028197115384615428
7 0.5065384615384615 0.4466826923076923 0.056153846153846186 0.033629807692307716
7 0.4645673076923077 0.45216346153846154 0.031610576923076866 0.021995192307692254
7 0.40189903846153846 0.45769230769230773 0.04199519230769237 0.027379807692307658
7 0.29040865384615383 0.4567548076923077 0.05377403846153847 0.028317307692307628
7 0.19754807692307694 0.4492067307692308 0.023557692307692335 0.02451923076923074
7 0.14108173076923075 0.46581730769230767 0.06052884615384617 0.03795673076923082
7 0.08259615384615385 0.4417067307692308 0.04538461538461537 0.03497596153846157
9 0.13615384615384615 0.6887740384615384 0.16947115384615385 0.6224519230769232
9 0.30956730769230767 0.683125 0.17692307692307688 0.6337499999999999
9 0.3908653846153846 0.6242307692307693 0.0849759615384616 0.4481249999999999
9 0.47247596153846155 0.6279567307692309 0.0700480769230769 0.42163461538461533
9 0.5036057692307693 0.6862980769230769 0.20432692307692307 0.6274038461538461
9 0.7271875 0.6410817307692308 0.1411298076923078 0.4733653846153845
9 0.8497596153846154 0.6911057692307693 0.20432692307692307 0.6177884615384616
9 0.953125 0.6117788461538461 0.09375 0.4495192307692308
8 0.02002403846153846 0.5032932692307692 0.04004807692307692 0.08281249999999997
8 0.060937500000000006 0.5339423076923077 0.08971153846153848 0.15786057692307695
8 0.21314903846153846 0.5361298076923077 0.05415865384615385 0.15536057692307692
8 0.1342548076923077 0.5784855769230769 0.13331730769230768 0.17483173076923075
8 0.39456730769230763 0.5226682692307693 0.07699519230769224 0.1009855769230769
8 0.45697115384615383 0.48377403846153844 0.047283653846153885 0.03348557692307694
8 0.5073317307692308 0.5639182692307693 0.1411538461538462 0.15944711538461534
8 0.30396634615384616 0.5577403846153847 0.13276442307692304 0.16079326923076925
8 0.9579086538461539 0.5374278846153846 0.08418269230769226 0.1442067307692308
8 0.8527884615384616 0.6030769230769231 0.186466346153846 0.19995192307692317
8 0.7480048076923077 0.5455048076923077 0.09706730769230767 0.13293269230769234