12 0.163265625 0.2878611111111111 0.03282031249999999 0.07359722222222223
4 0.278921875 0.19006944444444443 0.01635156249999996 0.027958333333333328
7 0.2756328125 0.20227777777777775 0.008085937500000018 0.01765277777777775
7 0.1730625 0.24569444444444447 0.01109374999999999 0.013194444444444444
4 0.1706484375 0.22830555555555554 0.022453125000000008 0.021083333333333343
11 0.2046484375 0.4115833333333333 0.02181249999999999 0.03149999999999993
11 0.171140625 0.43054166666666666 0.018406250000000002 0.030736111111111106
11 0.2737421875 0.2867361111111111 0.017695312499999984 0.022875000000000038
11 0.2471796875 0.3178472222222222 0.017585937499999992 0.027569444444444476
3 0.190109375 0.33425 0.007804687500000007 0.016708333333333294
3 0.2809375 0.24620833333333333 0.005132812500000039 0.008180555555555536
3 0.26677343750000004 0.2548333333333333 0.007210937500000014 0.014180555555555528
12 0.254171875 0.22279166666666667 0.033109374999999996 0.06495833333333331
11 0.68525 0.3600833333333333 0.020679687500000023 0.02648611111111114
11 0.722640625 0.3505972222222222 0.013968750000000085 0.019513888888888865
11 0.7535703125000001 0.22570833333333332 0.013312499999999972 0.028736111111111108
4 0.7499921875 0.10177777777777777 0.017148437500000037 0.0331388888888889
4 0.659890625 0.10520833333333333 0.019374999999999965 0.031736111111111104
12 0.7475078125 0.14431944444444444 0.023148437500000084 0.06040277777777779
12 0.6815859375 0.1688055555555556 0.05093750000000004 0.09287500000000003
3 0.6463281249999999 0.21644444444444444 0.012515624999999985 0.03348611111111113
9 0.745671875 0.16280555555555556 0.035531250000000014 0.15745833333333334
9 0.6846875 0.2308888888888889 0.09041406250000002 0.2843055555555556
9 0.261046875 0.2528611111111111 0.05128906249999998 0.15848611111111113
9 0.18115625 0.3307777777777778 0.06946093749999997 0.22790277777777773