10 0.894140625 0.9444444444444444 0.05546875 0.1111111111111111
10 0.812890625 0.9152777777777777 0.03828125 0.16944444444444445
10 0.7292500000000001 0.9031944444444444 0.030929687499999935 0.11195833333333319
4 0.8869921875 0.7893333333333334 0.010484375000000056 0.01154166666666659
8 0.8873671875 0.8134444444444444 0.015132812499999915 0.02966666666666653
7 0.5142109375 0.8168194444444444 0.008414062499999986 0.010958333333333473
4 0.514140625 0.8002222222222222 0.0095703125 0.014777777777777917
8 0.5139921875 0.8504722222222223 0.024906250000000085 0.05279166666666665
14 0.3451015625 0.8475972222222222 0.19319531249999997 0.1323333333333333
15 0.7697421875 0.8561666666666667 0.21517187500000007 0.16116666666666662
0 0.6472265625 0.896611111111111 0.03346093749999994 0.07245833333333343
1 0.691125 0.8231111111111111 0.09330468750000005 0.08190277777777781
9 0.8869921875 0.8099861111111112 0.01654687499999987 0.052666666666666764
9 0.5131953125 0.8741111111111112 0.03096875000000008 0.16702777777777778